250 60  0 4 4 Pikachu 33 1980 60
200 30 8  3 14 Applin 30 1140 57
250 50 0  1 14 Charmander 69 3312 57
300 60 9  9 16 Corvisquire 30 3840 121
350 80 11 13 14 Dragapult 60 7020 107
250 60 0  3 2 Falinks 30 2820 63
200 60 10 6 6 Grookey 40 2040 64
200 60 10 0 6 Kubfu 21 882 69
300 60 10 0 16 Perrserker 40 2720 83
300 40 5  3 9 Rowlet 39 1677 50
300 40 10 1 6 Scorbunny 46 2300 89
350 70 10 1 11 Centiskorch 82 8282 109
250 30 5  11 5 Frosmoth 66 7986 76
250 60 10 0 9 Cramorant 31 2976 101

350 60 10 2 12 Centiskorch 82 8282 109
200 50 14 3 15 Frosmoth 66 7986 76
250 60 6  2 7 Cramorant 31 2976 101
275 70 10 3 14 Centiskorch 82 8282 109
300 60 4  16 17 Frosmoth 66 7986 76
300 60 10 15 10 Cramorant 31 2976 101
350 60 4  7 13 Centiskorch 82 8282 109
300 60 4  12 8 Frosmoth 66 7986 76
250 50 5  15 3 Cramorant 31 2976 101

